1722504512.5634892
1722504517.568781
1722504522.5710042
1722504527.5758657
1722504532.5773327
1722504537.5826404
1722504542.5878212
1722504547.5919363
1722504552.1321006
1722504555.7468674
1722504560.7514632
1722504565.7567546
1722504570.7616675
1722504575.7668426
1722504580.7723005
1722504585.7776206
1722504590.7830026
1722504595.787679
1722504600.7914336
1722504605.7966285
1722504610.802317
1722504615.8078353
1722520146.3731172
1722520151.3880627
1722520156.3899367
1722520161.3956223
1722520166.3960693
1722520171.3995678
1722520176.4035547
1722520181.407494
1722520186.4115572
1722520191.4155374
1722520196.4205546
1722520201.4235532
1722520206.4275599
1722520211.4328213
1722520216.4355454
1722520221.440232
1722520534.5210457
1722520539.5314279
1722520544.5382395
1722520549.5434887
1722520554.547392
1722520559.5514393
1722520564.5566938
1722520569.5601184
1722520574.5653453
1722520579.5678177
1722520584.573548
1722520589.5753825
1722520594.5794334
1722520599.5834522
1722520604.588769
1722520609.5918128
1722520614.5958703
1722520619.601142
1722520624.6034873
1722520629.6090877
1722520634.614345
1722520639.6199462
1722520644.6234734
1722520649.6271799
1722520723.9677382
1722520728.9707992
1722520733.9754548
1722520738.9809518
1722520743.9836671
1722520748.9874823
1722520753.9931319
1722520756.57708
1722520761.5823605
1722520766.5873902
1722520771.588297
1722520776.5916624
1722520792.8705585
1722520797.8757946
1722520802.8810456
1722520807.8832052
1722520812.88846
1722520817.891453
1722520822.8954477
1722520827.8994203
1722520832.903426
1722520837.9074278
1722520842.9114535
1722520847.915436
1722520852.9194286
1722520857.9233878
1722520862.927384
1722520867.932571
1722520872.9358187
1722520877.940191
1722520882.9454432
1722520887.947418
1722521090.391324
1722521095.4012551
1722521100.4034042
1722521105.4085186
1722521110.4114327
1722521725.4475453
1722521730.4591708
1722521735.4637094
1722521740.4672
1722521745.4711728
1722521750.4764545
1722521755.4819367
1722521760.483232
1722521765.4889123
1722521770.4912477
1722521775.4951792
1722521780.499192
1722521785.503247
1722521790.5076852
